('CB1142', {'BetaVector': array([[ 126.27519764],
       [-127.77705399],
       [ 157.29276243],
       [ -22.41675408],
       [ -16.76258598],
       [  10.05576575],
       [ -20.26016956],
       [   2.62820538]]), 'Variance': array([[ 6.61942314e-05, -9.96848829e-08,  4.42988025e-08,
         3.29650572e-08, -2.04092259e-07, -1.56950159e-06,
        -5.40318351e-06, -3.25393583e-06],
       [-9.96848829e-08,  7.61163924e-08, -7.70602289e-08,
        -8.16432235e-09,  1.66156474e-08, -6.16194566e-09,
         1.42666684e-08, -1.84830676e-09],
       [ 4.42988025e-08, -7.70602289e-08,  1.50476019e-07,
        -6.70121334e-08, -8.14567330e-09, -3.63878684e-10,
        -3.34829242e-09,  4.32226230e-10],
       [ 3.29650572e-08, -8.16432235e-09, -6.70121334e-08,
         1.50477537e-07, -7.70630816e-08,  6.25816303e-10,
        -3.33424710e-09,  4.38509938e-10],
       [-2.04092259e-07,  1.66156474e-08, -8.14567330e-09,
        -7.70630816e-08,  7.59145995e-08,  2.99806437e-09,
         1.42723345e-08, -1.80928156e-09],
       [-1.56950159e-06, -6.16194566e-09, -3.63878684e-10,
         6.25816303e-10,  2.99806437e-09,  1.39251768e-07,
        -5.55374288e-09,  6.98534943e-10],
       [-5.40318351e-06,  1.42666684e-08, -3.34829242e-09,
        -3.33424710e-09,  1.42723345e-08, -5.55374288e-09,
         1.69535889e-06, -4.60739275e-09],
       [-3.25393583e-06, -1.84830676e-09,  4.32226230e-10,
         4.38509938e-10, -1.80928156e-09,  6.98534943e-10,
        -4.60739275e-09,  5.21150249e-07]]), 'ForgettingFactor': 1, 'SSE': array([[1.60693873e+11]]), 'Forecast': array([[657.54143945]]), 'N': 151389, 'MSE': array([[1061470.35023173]]), 'N_MSE': 151389, 'LastObservations': [('2023-03-31', 94, 5, 19, 'CB1142', 151390, 23, 4, 3), ('2023-03-31', 95, 3, 17, 'CB1142', 151391, 23, 4, 3), ('2023-03-31', 96, 6, 20, 'CB1142', 151392, 24, 4, 3)]})
('CB1599', {'BetaVector': array([[ -36.53885788],
       [-427.74617647],
       [ 392.08111013],
       [ -14.62708558],
       [  16.81025359],
       [  19.48682856],
       [  -8.929014  ],
       [   6.39314639]]), 'Variance': array([[ 6.34736058e-05,  2.62581720e-08, -1.74854648e-08,
        -1.31281348e-07, -3.64976732e-07, -1.54758088e-06,
        -5.10194580e-06, -3.21934425e-06],
       [ 2.62581720e-08,  4.55245741e-07, -2.60417533e-07,
        -1.19643411e-07, -2.65962241e-08, -2.53223756e-08,
         1.26319309e-08, -9.00567859e-09],
       [-1.74854648e-08, -2.60417533e-07,  6.02373499e-07,
        -1.99244902e-07, -1.20130054e-07, -9.31743928e-09,
         6.17863751e-09, -4.18988307e-09],
       [-1.31281348e-07, -1.19643411e-07, -1.99244902e-07,
         6.01776769e-07, -2.61983515e-07,  1.04926474e-09,
         6.18120679e-09, -3.87595183e-09],
       [-3.64976732e-07, -2.65962241e-08, -1.20130054e-07,
        -2.61983515e-07,  4.51528498e-07,  1.03469417e-08,
         1.25538987e-08, -7.92838828e-09],
       [-1.54758088e-06, -2.53223756e-08, -9.31743928e-09,
         1.04926474e-09,  1.03469417e-08,  1.42851125e-07,
        -6.40312333e-09,  4.29337536e-09],
       [-5.10194580e-06,  1.26319309e-08,  6.17863751e-09,
         6.18120679e-09,  1.25538987e-08, -6.40312333e-09,
         1.66362871e-06, -6.18728131e-09],
       [-3.21934425e-06, -9.00567859e-09, -4.18988307e-09,
        -3.87595183e-09, -7.92838828e-09,  4.29337536e-09,
        -6.18728131e-09,  5.25097716e-07]]), 'ForgettingFactor': 1, 'SSE': array([[2.7187955e+11]]), 'Forecast': array([[418.97474681]]), 'N': 151389, 'MSE': array([[1795912.15772482]]), 'N_MSE': 151389, 'LastObservations': [('2023-03-31', 94, 0, -1, 'CB1599', 151390, 23, 4, 3), ('2023-03-31', 95, 2, 19, 'CB1599', 151391, 23, 4, 3), ('2023-03-31', 96, 2, 20, 'CB1599', 151392, 24, 4, 3)]})
('CLW239', {'BetaVector': array([[ 12.03756744],
       [ 81.4960457 ],
       [-58.99057759],
       [ -2.93209705],
       [-10.59538436],
       [ -3.64957693],
       [  0.80673032],
       [ -1.15490508]]), 'Variance': array([[ 6.28187082e-05,  5.61202217e-08, -2.52468927e-08,
        -1.48133645e-07, -3.55400696e-07, -1.56956927e-06,
        -5.01707874e-06, -3.24126839e-06],
       [ 5.61202217e-08,  5.48057625e-07, -2.83569939e-07,
        -1.36686602e-07, -6.29913709e-08, -2.61315043e-08,
         6.72327766e-09, -9.38278777e-09],
       [-2.52468927e-08, -2.83569939e-07,  6.87093019e-07,
        -2.29100688e-07, -1.37288477e-07, -1.01230403e-08,
         3.98166331e-09, -5.37115111e-09],
       [-1.48133645e-07, -1.36686602e-07, -2.29100688e-07,
         6.86376471e-07, -2.85363682e-07,  9.33530338e-10,
         3.90595431e-09, -5.09616808e-09],
       [-3.55400696e-07, -6.29913709e-08, -1.37288477e-07,
        -2.85363682e-07,  5.44072908e-07,  1.08459122e-08,
         6.64505007e-09, -8.46221947e-09],
       [-1.56956927e-06, -2.61315043e-08, -1.01230403e-08,
         9.33530338e-10,  1.08459122e-08,  1.41676556e-07,
        -2.63916652e-09,  3.52783439e-09],
       [-5.01707874e-06,  6.72327766e-09,  3.98166331e-09,
         3.90595431e-09,  6.64505007e-09, -2.63916652e-09,
         1.65548559e-06, -2.30565583e-09],
       [-3.24126839e-06, -9.38278777e-09, -5.37115111e-09,
        -5.09616808e-09, -8.46221947e-09,  3.52783439e-09,
        -2.30565583e-09,  5.24562587e-07]]), 'ForgettingFactor': 1, 'SSE': array([[9.43753602e+09]]), 'Forecast': array([[-75.79007282]]), 'N': 151389, 'MSE': array([[62340.05350339]]), 'N_MSE': 151389, 'LastObservations': [('2023-03-31', 94, 0, -1, 'CLW239', 151390, 23, 4, 3), ('2023-03-31', 95, 0, -1, 'CLW239', 151391, 23, 4, 3), ('2023-03-31', 96, 0, -1, 'CLW239', 151392, 24, 4, 3)]})
('COM205', {'BetaVector': array([[-3.30985642e+02],
       [-9.37568676e+02],
       [ 8.26785092e+02],
       [ 4.46536632e-01],
       [ 7.29588150e+01],
       [ 4.88938067e+01],
       [ 5.60104412e+00],
       [ 4.60707935e+00]]), 'Variance': array([[ 6.25585386e-05,  1.42827463e-07,  3.32910128e-08,
        -1.00368289e-07, -2.76381785e-07, -1.59350585e-06,
        -4.94392544e-06, -3.28562723e-06],
       [ 1.42827463e-07,  3.28935775e-07, -1.71719383e-07,
        -9.67837924e-08, -4.23399532e-08, -2.19597191e-08,
        -2.50865540e-09, -2.16958489e-09],
       [ 3.32910128e-08, -1.71719383e-07,  4.13098539e-07,
        -1.33891504e-07, -9.71663704e-08, -8.46916674e-09,
        -1.26739851e-09, -1.23675385e-09],
       [-1.00368289e-07, -9.67837924e-08, -1.33891504e-07,
         4.12672690e-07, -1.72667261e-07,  3.37728373e-09,
        -8.78587996e-10, -1.11467430e-09],
       [-2.76381785e-07, -4.23399532e-08, -9.71663704e-08,
        -1.72667261e-07,  3.27160127e-07,  1.51729726e-08,
        -1.18237239e-09, -1.80162340e-09],
       [-1.59350585e-06, -2.19597191e-08, -8.46916674e-09,
         3.37728373e-09,  1.51729726e-08,  1.42130958e-07,
         1.37095296e-09,  1.40936102e-09],
       [-4.94392544e-06, -2.50865540e-09, -1.26739851e-09,
        -8.78587996e-10, -1.18237239e-09,  1.37095296e-09,
         1.65382297e-06,  1.47096294e-09],
       [-3.28562723e-06, -2.16958489e-09, -1.23675385e-09,
        -1.11467430e-09, -1.80162340e-09,  1.40936102e-09,
         1.47096294e-09,  5.21222571e-07]]), 'ForgettingFactor': 1, 'SSE': array([[1.78945275e+12]]), 'Forecast': array([[1629.82668674]]), 'N': 151389, 'MSE': array([[11820307.77402315]]), 'N_MSE': 151389, 'LastObservations': [('2023-03-31', 94, 3, 20, 'COM205', 151390, 23, 4, 3), ('2023-03-31', 95, 0, -1, 'COM205', 151391, 23, 4, 3), ('2023-03-31', 96, 2, 13, 'COM205', 151392, 24, 4, 3)]})
