('CB1143', {'BetaVector': array([[104.2744769 ],
       [-59.90518314],
       [ 45.59323395],
       [ 13.63632202],
       [-23.62777976],
       [  3.52627942]]), 'Variance': array([[ 6.68167564e-05, -5.85598388e-08, -8.44769989e-08,
        -1.59753234e-06, -5.38093101e-06, -3.61303394e-06],
       [-5.85598388e-08,  2.40768017e-08, -1.73064712e-08,
        -4.94475677e-09,  1.04274803e-08, -1.56659835e-09],
       [-8.44769989e-08, -1.73064712e-08,  2.39593285e-08,
        -2.61443695e-09,  1.04383190e-08, -1.54181506e-09],
       [-1.59753234e-06, -4.94475677e-09, -2.61443695e-09,
         1.47066339e-07, -1.17373779e-08,  1.75400771e-09],
       [-5.38093101e-06,  1.04274803e-08,  1.04383190e-08,
        -1.17373779e-08,  1.75053918e-06, -3.30268456e-09],
       [-3.61303394e-06, -1.56659835e-09, -1.54181506e-09,
         1.75400771e-09, -3.30268456e-09,  5.71812894e-07]]), 'ForgettingFactor': 1, 'SSE': array([[1.84548073e+11]]), 'Forecast': array([[170.55576149]]), 'N': 145631, 'MSE': array([[1267239.39630121]]), 'N_MSE': 145631, 'LastObservations': [('2023-03-31', 96, 4, 27, 'CB1143', 151392, 24, 4, 3)]})
('CEK049', {'BetaVector': array([[ -7.11634267],
       [-65.33892369],
       [ 62.29682225],
       [  6.54815525],
       [ -4.12677534],
       [  1.11145471]]), 'Variance': array([[ 6.88563089e-05, -5.88821643e-08, -2.48146885e-07,
        -1.52351584e-06, -5.49667807e-06, -3.56211419e-06],
       [-5.88821643e-08,  1.44582376e-07, -1.30245742e-07,
        -1.61910027e-08,  1.50950923e-08, -3.92568460e-09],
       [-2.48146885e-07, -1.30245742e-07,  1.42893794e-07,
         2.08970419e-09,  1.45804045e-08, -3.46096796e-09],
       [-1.52351584e-06, -1.61910027e-08,  2.08970419e-09,
         1.50668777e-07, -1.54570189e-08,  3.86368616e-09],
       [-5.49667807e-06,  1.50950923e-08,  1.45804045e-08,
        -1.54570189e-08,  1.75074160e-06, -6.59399231e-09],
       [-3.56211419e-06, -3.92568460e-09, -3.46096796e-09,
         3.86368616e-09, -6.59399231e-09,  5.73115063e-07]]), 'ForgettingFactor': 1, 'SSE': array([[1.94632837e+10]]), 'Forecast': array([[124.69824028]]), 'N': 145631, 'MSE': array([[133648.86180262]]), 'N_MSE': 145631, 'LastObservations': [('2023-03-31', 96, 4, 22, 'CEK049', 151392, 24, 4, 3)]})
('CEK31', {'BetaVector': array([[ -0.6236346 ],
       [-51.184329  ],
       [ 49.32371944],
       [  2.54148867],
       [ -2.50847526],
       [  0.39001639]]), 'Variance': array([[ 6.69895857e-05, -6.85779331e-09, -2.00653798e-07,
        -1.64044187e-06, -5.34687380e-06, -3.61780263e-06],
       [-6.85779331e-09,  2.26230759e-07, -2.12977731e-07,
        -1.09494884e-08,  1.16425012e-08, -1.80486594e-09],
       [-2.00653798e-07, -2.12977731e-07,  2.25648141e-07,
         5.86840621e-09,  1.18660990e-08, -1.73708129e-09],
       [-1.64044187e-06, -1.09494884e-08,  5.86840621e-09,
         1.44061151e-07, -4.58567548e-09,  6.97597060e-10],
       [-5.34687380e-06,  1.16425012e-08,  1.18660990e-08,
        -4.58567548e-09,  1.73942304e-06, -1.68279209e-09],
       [-3.61780263e-06, -1.80486594e-09, -1.73708129e-09,
         6.97597060e-10, -1.68279209e-09,  5.71577018e-07]]), 'ForgettingFactor': 1, 'SSE': array([[1.0884065e+10]]), 'Forecast': array([[146.43446143]]), 'N': 145631, 'MSE': array([[74737.79418714]]), 'N_MSE': 145631, 'LastObservations': [('2023-03-31', 96, 4, 20, 'CEK31', 151392, 24, 4, 3)]})
('CJM90', {'BetaVector': array([[-20.6592475 ],
       [-65.53152057],
       [ 63.03608935],
       [ 11.59344242],
       [ -6.13139472],
       [  1.3355084 ]]), 'Variance': array([[ 6.97268357e-05, -3.64867595e-09, -1.75061793e-07,
        -1.54835301e-06, -5.49010751e-06, -3.57738651e-06],
       [-3.64867595e-09,  6.17511847e-08, -5.77158454e-08,
        -1.10574373e-08,  7.16062861e-09, -1.55192110e-09],
       [-1.75061793e-07, -5.77158454e-08,  6.11133175e-08,
         5.17983314e-09,  6.60987209e-09, -1.30831125e-09],
       [-1.54835301e-06, -1.10574373e-08,  5.17983314e-09,
         1.48434154e-07, -1.08397733e-08,  2.26523665e-09],
       [-5.49010751e-06,  7.16062861e-09,  6.60987209e-09,
        -1.08397733e-08,  1.74361747e-06, -3.76983060e-09],
       [-3.57738651e-06, -1.55192110e-09, -1.30831125e-09,
         2.26523665e-09, -3.76983060e-09,  5.72193728e-07]]), 'ForgettingFactor': 1, 'SSE': array([[5.68235842e+10]]), 'Forecast': array([[-181.07911857]]), 'N': 145631, 'MSE': array([[390191.47294024]]), 'N_MSE': 145631, 'LastObservations': [('2023-03-31', 96, 10, 17, 'CJM90', 151392, 24, 4, 3)]})
