('CJE181', {'BetaVector': array([[  20.94317107],
       [-390.15888592],
       [ 342.63699974],
       [   4.79639354],
       [  -4.59072212],
       [   2.66977331]]), 'Variance': array([[ 6.66616597e-05, -4.29562273e-07, -6.95345845e-07,
        -1.64152992e-06, -5.26721226e-06, -3.58428754e-06],
       [-4.29562273e-07,  1.65416064e-06, -1.18822540e-06,
        -2.67592528e-08,  4.46684900e-08, -2.56275116e-08],
       [-6.95345845e-07, -1.18822540e-06,  1.64931307e-06,
        -3.65452682e-09,  4.48748356e-08, -2.53591068e-08],
       [-1.64152992e-06, -2.67592528e-08, -3.65452682e-09,
         1.43837906e-07, -2.92723164e-09,  1.67636511e-09],
       [-5.26721226e-06,  4.46684900e-08,  4.48748356e-08,
        -2.92723164e-09,  1.72675297e-06, -3.39569405e-09],
       [-3.58428754e-06, -2.56275116e-08, -2.53591068e-08,
         1.67636511e-09, -3.39569405e-09,  5.73897361e-07]]), 'ForgettingFactor': 1, 'SSE': array([[5.19784566e+10]]), 'Forecast': array([[468.34004711]]), 'N': 145631, 'MSE': array([[356921.35247863]]), 'N_MSE': 145631, 'LastObservations': [('2023-03-31', 96, 1, 4, 'CJE181', 151392, 24, 4, 3)]})
