('CB2105', {'BetaVector': array([[ 16.21034009],
       [ 39.80986564],
       [-13.85213549],
       [-21.35047993],
       [ -5.45567314],
       [  2.28689104],
       [ -1.16205561]]), 'Variance': array([[ 6.79026348e-05,  3.27914433e-08, -9.34677592e-08,
        -2.82024871e-07, -1.50685425e-06, -5.39969561e-06,
        -3.53585904e-06],
       [ 3.27914433e-08,  2.14060190e-07, -1.18152441e-07,
        -7.56076311e-08, -2.58448962e-08,  1.33150954e-08,
        -6.52643975e-09],
       [-9.34677592e-08, -1.18152441e-07,  2.51814229e-07,
        -1.19782523e-07, -7.99033627e-09,  9.81700644e-09,
        -4.46408181e-09],
       [-2.82024871e-07, -7.56076311e-08, -1.19782523e-07,
         2.10179598e-07,  6.85433911e-09,  1.11391592e-08,
        -4.78765497e-09],
       [-1.50685425e-06, -2.58448962e-08, -7.99033627e-09,
         6.85433911e-09,  1.59147317e-07, -1.87797950e-08,
         8.69935414e-09],
       [-5.39969561e-06,  1.33150954e-08,  9.81700644e-09,
         1.11391592e-08, -1.87797950e-08,  1.74212027e-06,
        -9.50046588e-09],
       [-3.53585904e-06, -6.52643975e-09, -4.46408181e-09,
        -4.78765497e-09,  8.69935414e-09, -9.50046588e-09,
         5.76183214e-07]]), 'ForgettingFactor': 1, 'SSE': array([[8.15096852e+09]]), 'Forecast': array([[-117.22551959]]), 'N': 145630, 'MSE': array([[55970.77863388]]), 'N_MSE': 145630, 'LastObservations': [('2023-03-31', 95, 13, 19, 'CB2105', 151391, 23, 4, 3), ('2023-03-31', 96, 5, 22, 'CB2105', 151392, 24, 4, 3)]})
('CEE016', {'BetaVector': array([[ 17.36747745],
       [ 77.97209433],
       [-30.12566695],
       [-38.62917619],
       [ -8.43190203],
       [  4.39093662],
       [ -2.21944188]]), 'Variance': array([[ 6.70519230e-05, -3.63306795e-09, -7.34562433e-08,
        -2.18405789e-07, -1.57590326e-06, -5.32333436e-06,
        -3.56741127e-06],
       [-3.63306795e-09,  1.73299728e-07, -1.03840311e-07,
        -4.82549254e-08, -1.76001874e-08,  1.12121769e-08,
        -5.66787513e-09],
       [-7.34562433e-08, -1.03840311e-07,  2.21692048e-07,
        -1.04520960e-07, -5.11146243e-09,  7.44771981e-09,
        -3.55912408e-09],
       [-2.18405789e-07, -4.82549254e-08, -1.04520960e-07,
         1.71310077e-07,  2.67496193e-09,  1.07870285e-08,
        -4.94271420e-09],
       [-1.57590326e-06, -1.76001874e-08, -5.11146243e-09,
         2.67496193e-09,  1.51156992e-07, -1.10552883e-08,
         5.35817963e-09],
       [-5.32333436e-06,  1.12121769e-08,  7.44771981e-09,
         1.07870285e-08, -1.10552883e-08,  1.73447218e-06,
        -6.32025974e-09],
       [-3.56741127e-06, -5.66787513e-09, -3.55912408e-09,
        -4.94271420e-09,  5.35817963e-09, -6.32025974e-09,
         5.74882706e-07]]), 'ForgettingFactor': 1, 'SSE': array([[3.88309924e+10]]), 'Forecast': array([[-133.3223484]]), 'N': 145630, 'MSE': array([[266643.26761223]]), 'N_MSE': 145630, 'LastObservations': [('2023-03-31', 95, 0, -1, 'CEE016', 151391, 23, 4, 3), ('2023-03-31', 96, 5, 13, 'CEE016', 151392, 24, 4, 3)]})
