('CAT17', {'BetaVector': array([[ 12.39209656],
       [ 86.82976733],
       [-76.13935299],
       [ -5.26555592],
       [ -4.06837132],
       [  1.49680855],
       [ -0.37833889]]), 'Variance': array([[ 6.71815677e-05,  4.54652197e-08, -5.73609227e-08,
        -2.50576227e-07, -1.65897032e-06, -5.25138320e-06,
        -3.62385136e-06],
       [ 4.54652197e-08,  2.71815157e-07, -1.85881974e-07,
        -7.03129433e-08, -1.45389691e-08,  5.40054919e-09,
        -1.33077227e-09],
       [-5.73609227e-08, -1.85881974e-07,  3.80597408e-07,
        -1.86065137e-07, -1.03161840e-09,  3.02216612e-09,
        -7.43258349e-10],
       [-2.50576227e-07, -7.03129433e-08, -1.86065137e-07,
         2.71211376e-07,  1.11392041e-08,  5.35235611e-09,
        -1.27043168e-09],
       [-1.65897032e-06, -1.45389691e-08, -1.03161840e-09,
         1.11392041e-08,  1.44210208e-07, -1.53603393e-09,
         3.86534422e-10],
       [-5.25138320e-06,  5.40054919e-09,  3.02216612e-09,
         5.35235611e-09, -1.53603393e-09,  1.72298288e-06,
         3.63980312e-10],
       [-3.62385136e-06, -1.33077227e-09, -7.43258349e-10,
        -1.27043168e-09,  3.86534422e-10,  3.63980312e-10,
         5.71385392e-07]]), 'ForgettingFactor': 1, 'SSE': array([[2.21829838e+10]]), 'Forecast': array([[-80.23729515]]), 'N': 145630, 'MSE': array([[152325.31835261]]), 'N_MSE': 145630, 'LastObservations': [('2023-03-31', 95, 1, 29, 'CAT17', 151391, 23, 4, 3), ('2023-03-31', 96, 2, 18, 'CAT17', 151392, 24, 4, 3)]})
